10
7 8 9
abcdefghijklmnopqrstuvwxyz0123456789-_.@
(0, a, 1)
(0, b, 1)
(0, c, 1)
(0, d, 1)
(0, e, 1)
(0, f, 1)
(0, g, 1)
(0, h, 1)
(0, i, 1)
(0, j, 1)
(0, k, 1)
(0, l, 1)
(0, m, 1)
(0, n, 1)
(0, o, 1)
(0, p, 1)
(0, q, 1)
(0, r, 1)
(0, s, 1)
(0, t, 1)
(0, u, 1)
(0, v, 1)
(0, w, 1)
(0, x, 1)
(0, y, 1)
(0, z, 1)
(0, 0, 1)
(0, 1, 1)
(0, 2, 1)
(0, 3, 1)
(0, 4, 1)
(0, 5, 1)
(0, 6, 1)
(0, 7, 1)
(0, 8, 1)
(0, 9, 1)
(0, -, 1)
(0, _, 1)
(0, ., 1)
(1, a, 2)
(1, b, 2)
(1, c, 2)
(1, d, 2)
(1, e, 2)
(1, f, 2)
(1, g, 2)
(1, h, 2)
(1, i, 2)
(1, j, 2)
(1, k, 2)
(1, l, 2)
(1, m, 2)
(1, n, 2)
(1, o, 2)
(1, p, 2)
(1, q, 2)
(1, r, 2)
(1, s, 2)
(1, t, 2)
(1, u, 2)
(1, v, 2)
(1, w, 2)
(1, x, 2)
(1, y, 2)
(1, z, 2)
(1, 0, 2)
(1, 1, 2)
(1, 2, 2)
(1, 3, 2)
(1, 4, 2)
(1, 5, 2)
(1, 6, 2)
(1, 7, 2)
(1, 8, 2)
(1, 9, 2)
(1, -, 2)
(1, _, 2)
(1, ., 2)
(2, a, 2)
(2, b, 2)
(2, c, 2)
(2, d, 2)
(2, e, 2)
(2, f, 2)
(2, g, 2)
(2, h, 2)
(2, i, 2)
(2, j, 2)
(2, k, 2)
(2, l, 2)
(2, m, 2)
(2, n, 2)
(2, o, 2)
(2, p, 2)
(2, q, 2)
(2, r, 2)
(2, s, 2)
(2, t, 2)
(2, u, 2)
(2, v, 2)
(2, w, 2)
(2, x, 2)
(2, y, 2)
(2, z, 2)
(2, 0, 2)
(2, 1, 2)
(2, 2, 2)
(2, 3, 2)
(2, 4, 2)
(2, 5, 2)
(2, 6, 2)
(2, 7, 2)
(2, 8, 2)
(2, 9, 2)
(2, -, 2)
(2, _, 2)
(2, ., 2)
(2, @, 3)
(3, a, 4)
(3, b, 4)
(3, c, 4)
(3, d, 4)
(3, e, 4)
(3, f, 4)
(3, g, 4)
(3, h, 4)
(3, i, 4)
(3, j, 4)
(3, k, 4)
(3, l, 4)
(3, m, 4)
(3, n, 4)
(3, o, 4)
(3, p, 4)
(3, q, 4)
(3, r, 4)
(3, s, 4)
(3, t, 4)
(3, u, 4)
(3, v, 4)
(3, w, 4)
(3, x, 4)
(3, y, 4)
(3, z, 4)
(3, 0, 4)
(3, 1, 4)
(3, 2, 4)
(3, 3, 4)
(3, 4, 4)
(3, 5, 4)
(3, 6, 4)
(3, 7, 4)
(3, 8, 4)
(3, 9, 4)
(3, -, 4)
(3, _, 4)
(4, a, 4)
(4, b, 4)
(4, c, 4)
(4, d, 4)
(4, e, 4)
(4, f, 4)
(4, g, 4)
(4, h, 4)
(4, i, 4)
(4, j, 4)
(4, k, 4)
(4, l, 4)
(4, m, 4)
(4, n, 4)
(4, o, 4)
(4, p, 4)
(4, q, 4)
(4, r, 4)
(4, s, 4)
(4, t, 4)
(4, u, 4)
(4, v, 4)
(4, w, 4)
(4, x, 4)
(4, y, 4)
(4, z, 4)
(4, 0, 4)
(4, 1, 4)
(4, 2, 4)
(4, 3, 4)
(4, 4, 4)
(4, 5, 4)
(4, 6, 4)
(4, 7, 4)
(4, 8, 4)
(4, 9, 4)
(4, -, 4)
(4, _, 4)
(4, ., 5)
(5, a, 6)
(5, b, 6)
(5, c, 6)
(5, d, 6)
(5, e, 6)
(5, f, 6)
(5, g, 6)
(5, h, 6)
(5, i, 6)
(5, j, 6)
(5, k, 6)
(5, l, 6)
(5, m, 6)
(5, n, 6)
(5, o, 6)
(5, p, 6)
(5, q, 6)
(5, r, 6)
(5, s, 6)
(5, t, 6)
(5, u, 6)
(5, v, 6)
(5, w, 6)
(5, x, 6)
(5, y, 6)
(5, z, 6)
(6, a, 7)
(6, b, 7)
(6, c, 7)
(6, d, 7)
(6, e, 7)
(6, f, 7)
(6, g, 7)
(6, h, 7)
(6, i, 7)
(6, j, 7)
(6, k, 7)
(6, l, 7)
(6, m, 7)
(6, n, 7)
(6, o, 7)
(6, p, 7)
(6, q, 7)
(6, r, 7)
(6, s, 7)
(6, t, 7)
(6, u, 7)
(6, v, 7)
(6, w, 7)
(6, x, 7)
(6, y, 7)
(6, z, 7)
(7, a, 8)
(7, b, 8)
(7, c, 8)
(7, d, 8)
(7, e, 8)
(7, f, 8)
(7, g, 8)
(7, h, 8)
(7, i, 8)
(7, j, 8)
(7, k, 8)
(7, l, 8)
(7, m, 8)
(7, n, 8)
(7, o, 8)
(7, p, 8)
(7, q, 8)
(7, r, 8)
(7, s, 8)
(7, t, 8)
(7, u, 8)
(7, v, 8)
(7, w, 8)
(7, x, 8)
(7, y, 8)
(7, z, 8)
(7, a, 9)
(7, b, 9)
(7, c, 9)
(7, d, 9)
(7, e, 9)
(7, f, 9)
(7, g, 9)
(7, h, 9)
(7, i, 9)
(7, j, 9)
(7, k, 9)
(7, l, 9)
(7, m, 9)
(7, n, 9)
(7, o, 9)
(7, p, 9)
(7, q, 9)
(7, r, 9)
(7, s, 9)
(7, t, 9)
(7, u, 9)
(7, v, 9)
(7, w, 9)
(7, x, 9)
(7, y, 9)
(7, z, 9)
a.b.c@d.w3c
jsmith
jsmith@olympus
jsmith@olympus.gov
_jsmith-example.olympus@states.us
jsmith.edu,
john@mail.office
ComputerScienceDepartment@csupomona.edu
jsmith@LA.cnn.com
SMITH@bookStore.Peru
